 -0.703007438067   0.703656165738  -0.169830242369  -0.184513102108   0.058641868982  -0.000000000000  -0.000000000000  -0.000000000000  -0.000000000000  -0.085396840445
 -0.018666750002   0.013167232169   0.603803027647   0.762216962049  -0.291076777785   0.000000000000   0.000000000000   0.000000000000   0.000000000000   0.480251659943
 -0.000000000000  -0.000000000000   0.000000000000  -0.000000000000   0.000000000000   0.667998351595  -0.000000004773   0.754000736299   0.000000001974  -0.000000000000
  0.000000000000   0.000000000000   0.000000000000  -0.000000000000   0.000000000000   0.000000004773   0.667998351595  -0.000000001974   0.754000736299   0.000000000000
 -0.004658910572  -0.000161138948   0.143442887306  -0.155732075077   0.623870746340  -0.000000000000  -0.000000000000  -0.000000000000   0.000000000000   0.890011006186
  0.703007438556   0.703656165249  -0.169830242369   0.184513102108   0.058641868982  -0.000000000000  -0.000000000000  -0.000000000000   0.000000000000   0.085396840445
  0.018666750011   0.013167232156   0.603803027648  -0.762216962048  -0.291076777784   0.000000000000   0.000000000000   0.000000000000  -0.000000000000  -0.480251659943
  0.000000000000   0.000000000000  -0.000000000000   0.000000000000   0.000000000000   0.667998351596  -0.000000004773  -0.754000736299  -0.000000001974  -0.000000000000
  0.000000000000   0.000000000000   0.000000000000  -0.000000000000   0.000000000000   0.000000004773   0.667998351596   0.000000001974  -0.754000736299   0.000000000000
 -0.004658910571   0.000161138951  -0.143442887306  -0.155732075077  -0.623870746340   0.000000000000   0.000000000000   0.000000000000  -0.000000000000   0.890011006185
