 &FCI NORB=  10,NELEC=14,MS2=0,
  ORBSYM=1,1,1,1,1,1,1,1,1,1,
  ISYM=1,
 &END
 2.329331456718412    1    1    1    1
 -1.531867032311326e-11    1    1    2    1
 2.329959915594285    1    1    2    2
 -0.1985855398770333    1    1    3    1
 9.332552092233826e-13    1    1    3    2
 0.8308276196421609    1    1    3    3
 2.317730425985265e-12    1    1    4    1
 -0.187834468677958    1    1    4    2
 -1.286165618452628e-12    1    1    4    3
 0.6761827949773649    1    1    4    4
 0.7059489167521302    1    1    5    5
 1.09672838667264e-15    1    1    6    1
 0.7059489167521303    1    1    6    6
 0.08218606369915842    1    1    7    1
 -1.91921999126432e-13    1    1    7    2
 0.07609914112551952    1    1    7    3
 2.149780353732922e-12    1    1    7    4
 0.6979438521604504    1    1    7    7
 -6.903089211363067e-13    1    1    8    5
 2.12445339098366e-12    1    1    8    6
 0.7469802443260855    1    1    8    8
 2.124384002044621e-12    1    1    9    5
 6.899203430776879e-13    1    1    9    6
 0.7469802443260859    1    1    9    9
 -1.861108055861704e-12    1    1   10    1
 0.1320880557978775    1    1   10    2
 1.981796671213232e-12    1    1   10    3
 -0.03963569104713459    1    1   10    4
 1.541211602784642e-12    1    1   10    7
 0.9275252742746594    1    1   10   10
 -1.531923708979893e-11    2    1    1    1
 1.800280707266477    2    1    2    1
 1.53037223735511e-11    2    1    2    2
 8.886131000679972e-13    2    1    3    1
 -0.2089139688665357    2    1    3    2
 -1.178310921057246e-15    2    1    3    3
 -0.1785968656443188    2    1    4    1
 -7.588622655610444e-13    2    1    4    2
 0.1511656124613544    2    1    4    3
 1.105689847029675e-15    2    1    5    4
 -3.463079674033813e-15    2    1    6    4
 -2.715563234348406e-13    2    1    7    1
 0.06355263968951483    2    1    7    2
 -0.2526387668110942    2    1    7    4
 1.186134837994811e-15    2    1    7    6
 -2.386979502944087e-15    2    1    7    7
 -1.622124681128092e-15    2    1    8    4
 0.08109090420295861    2    1    8    5
 -0.2497422487944402    2    1    8    6
 3.736063050699091e-15    2    1    8    7
 -2.088607065076076e-15    2    1    8    8
 -0.2497422487944403    2    1    9    5
 -0.08109090420295842    2    1    9    6
 -1.693090112553364e-15    2    1    9    9
 0.1530581207596916    2    1   10    1
 6.511622838156761e-13    2    1   10    2
 -0.2329610803069636    2    1   10    3
 -1.810213076309653e-15    2    1   10    6
 -0.1811075425547182    2    1   10    7
 -1.831867990631508e-15    2    1   10   10
 2.329959915594285    2    2    1    1
 1.530416494487791e-11    2    2    2    1
 2.33058925113867    2    2    2    2
 -0.1986542572528593    2    2    3    1
 -2.62068231698942e-12    2    2    3    2
 0.8308162295435783    2    2    3    3
 -7.197723320140348e-13    2    2    4    1
 -0.1879377790754191    2    2    4    2
 1.285277440032928e-12    2    2    4    3
 0.6762087544521607    2    2    4    4
 0.7059742420111382    2    2    5    5
 1.089920228624026e-15    2    2    6    1
 0.7059742420111383    2    2    6    6
 0.0822633689888196    2    2    7    1
 8.895566575017888e-13    2    2    7    2
 0.07606446923502028    2    2    7    3
 -2.14769868556175e-12    2    2    7    4
 0.6979334159350956    2    2    7    7
 6.891293091726425e-13    2    2    8    5
 -2.123863585001828e-12    2    2    8    6
 0.7470351573692492    2    2    8    8
 -2.123773379381078e-12    2    2    9    5
 -6.894762538678378e-13    2    2    9    6
 0.7470351573692497    2    2    9    9
 7.426019434791931e-13    2    2   10    1
 0.1320725662751978    2    2   10    2
 -1.981095842928937e-12    2    2   10    3
 -0.03966819964615617    2    2   10    4
 -1.539657290550167e-12    2    2   10    7
 0.9275637350689957    2    2   10   10
 -0.1985855398770333    3    1    1    1
 8.886386160885003e-13    3    1    2    1
 -0.1986542572528593    3    1    2    2
 0.03442823760263153    3    1    3    1
 1.513207419610862e-15    3    1    3    2
 0.003681936518115026    3    1    3    3
 -2.204419779312447e-13    3    1    4    1
 0.02574176505023824    3    1    4    2
 3.725795713616087e-14    3    1    4    3
 -0.01361528803299488    3    1    4    4
 -0.0006194321395079675    3    1    5    5
 -0.0006194321395079678    3    1    6    6
 -0.005617433239627692    3    1    7    1
 3.090992631120393e-15    3    1    7    2
 0.00769978614075083    3    1    7    3
 -6.807813861253731e-14    3    1    7    4
 -0.009754981317672079    3    1    7    7
 1.343174703405392e-14    3    1    8    5
 -4.135846396260967e-14    3    1    8    6
 -0.006383115412674793    3    1    8    8
 -4.136101183771501e-14    3    1    9    5
 -1.343391543839889e-14    3    1    9    6
 -0.006383115412674796    3    1    9    9
 2.594961023133762e-13    3    1   10    1
 -0.03087788503761279    3    1   10    2
 -2.873200809216936e-14    3    1   10    3
 -0.003681834470192848    3    1   10    4
 -3.479768556635676e-14    3    1   10    7
 -0.006129479614160783    3    1   10   10
 9.331638245327692e-13    3    2    1    1
 -0.2089139688665357    3    2    2    1
 -2.620629712855264e-12    3    2    2    2
 1.516385275470724e-15    3    2    3    1
 0.03405660454162177    3    2    3    2
 1.609334817102501e-14    3    2    3    3
 0.02609519851759632    3    2    4    1
 2.204133820989454e-13    3    2    4    2
 -0.008790001132408435    3    2    4    3
 -5.765136631974421e-14    3    2    4    4
 -2.328866266498864e-15    3    2    5    5
 -2.337106203009755e-15    3    2    6    6
 3.149288826682223e-15    3    2    7    1
 -0.006331272525717276    3    2    7    2
 3.275374763078709e-14    3    2    7    3
 0.01604375956115163    3    2    7    4
 -4.109386442241458e-14    3    2    7    7
 -0.003174609247485505    3    2    8    5
 0.00977710213375237    3    2    8    6
 -2.677599895278826e-14    3    2    8    8
 0.00977710213375237    3    2    9    5
 0.003174609247485497    3    2    9    6
 -2.679020200124782e-14    3    2    9    9
 -0.0301405509368149    3    2   10    1
 -2.594856702555978e-13    3    2   10    2
 0.006825480736336791    3    2   10    3
 -1.576213118359426e-14    3    2   10    4
 0.008212337514875495    3    2   10    7
 -2.551084343771493e-14    3    2   10   10
 0.8308276196421609    3    3    1    1
 -1.134725993723329e-15    3    3    2    1
 0.8308162295435783    3    3    2    2
 0.00368193651811499    3    3    3    1
 1.608348870751897e-14    3    3    3    2
 0.785696880011711    3    3    3    3
 8.986203708233331e-14    3    3    4    1
 -0.02116003431029632    3    3    4    2
 0.5228082459850282    3    3    4    4
 0.641644071467961    3    3    5    5
 1.384471188716531e-15    3    3    6    3
 0.6416440714679612    3    3    6    6
 0.02855399749519879    3    3    7    1
 1.211409444978884e-13    3    3    7    2
 0.108378929812503    3    3    7    3
 -1.778810409237895e-15    3    3    7    6
 0.5533138495848758    3    3    7    7
 0.6151569364816367    3    3    8    8
 0.6151569364816372    3    3    9    9
 1.066591476597822e-13    3    3   10    1
 -0.02459687995971653    3    3   10    2
 -0.06799822114951909    3    3   10    4
 0.7476826310629743    3    3   10   10
 2.317680847452796e-12    4    1    1    1
 -0.1785968656443188    4    1    2    1
 -7.198335487791988e-13    4    1    2    2
 -2.204334686382566e-13    4    1    3    1
 0.02609519851759632    4    1    3    2
 8.98477256136565e-14    4    1    3    3
 0.02768958535744372    4    1    4    1
 -1.435398973076082e-15    4    1    4    2
 -0.004351642000492743    4    1    4    3
 1.738561551667406e-14    4    1    4    4
 3.55892073623798e-14    4    1    5    5
 3.558774368944695e-14    4    1    6    6
 1.257395541311677e-13    4    1    7    1
 -0.01445344467939963    4    1    7    2
 2.367637336186945e-14    4    1    7    3
 -0.003434409716119174    4    1    7    4
 1.466296702112846e-14    4    1    7    7
 -0.000605730387141325    4    1    8    5
 0.001865517107432649    4    1    8    6
 3.379935220593211e-14    4    1    8    8
 0.00186551710743265    4    1    9    5
 0.0006057303871413237    4    1    9    6
 3.379653328028365e-14    4    1    9    9
 -0.0137939629810418    4    1   10    1
 -2.965875700415566e-15    4    1   10    2
 0.01150979081458865    4    1   10    3
 -3.049752290984475e-14    4    1   10    4
 0.001393246197536834    4    1   10    7
 9.418334168120879e-14    4    1   10   10
 -0.187834468677958    4    2    1    1
 -7.588877951340747e-13    4    2    2    1
 -0.1879377790754191    4    2    2    2
 0.02574176505023823    4    2    3    1
 2.204149677446227e-13    4    2    3    2
 -0.0211600343102963    4    2    3    3
 -1.427884096768042e-15    4    2    4    1
 0.02805008025987185    4    2    4    2
 -1.846569772090412e-14    4    2    4    3
 -0.004045729713730599    4    2    4    4
 -0.008379623058543579    4    2    5    5
 -0.008379623058543582    4    2    6    6
 -0.01510991036839289    4    2    7    1
 -1.256891861639922e-13    4    2    7    2
 -0.005583672017691209    4    2    7    3
 -1.477702508967393e-14    4    2    7    4
 -0.003419089521309851    4    2    7    7
 -2.524239497980751e-15    4    2    8    5
 7.790643130611841e-15    4    2    8    6
 -0.007947483424540373    4    2    8    8
 7.791076811480835e-15    4    2    9    5
 2.528793147105191e-15    4    2    9    6
 -0.00794748342454038    4    2    9    9
 -3.064951450190007e-15    4    2   10    1
 -0.01309279091371231    4    2   10    2
 4.893980186382318e-14    4    2   10    3
 0.007195567455307069    4    2   10    4
 5.774027089788802e-15    4    2   10    7
 -0.02210756958844672    4    2   10   10
 -1.286069632679045e-12    4    3    1    1
 0.1511656124613544    4    3    2    1
 1.285312432658045e-12    4    3    2    2
 3.72605998789563e-14    4    3    3    1
 -0.008790001132408437    4    3    3    2
 -0.004351642000492755    4    3    4    1
 -1.844596524136488e-14    4    3    4    2
 0.04443142646660867    4    3    4    3
 -1.159156593521092e-15    4    3    6    4
 4.535949523973293e-15    4    3    7    1
 -0.001093190085585796    4    3    7    2
 -0.08323555856073668    4    3    7    4
 0.02575773657645929    4    3    8    5
 -0.07932819493983452    4    3    8    6
 1.18232322698607e-15    4    3    8    7
 -0.07932819493983453    4    3    9    5
 -0.02575773657645922    4    3    9    6
 0.007863176763168766    4    3   10    1
 3.343180766945952e-14    4    3   10    2
 -0.05422440887797737    4    3   10    3
 -0.04225761273846964    4    3   10    7
 0.676182794977365    4    4    1    1
 0.6762087544521607    4    4    2    2
 -0.0136152880329949    4    4    3    1
 -5.766654515015901e-14    4    4    3    2
 0.5228082459850282    4    4    3    3
 1.738518183580506e-14    4    4    4    1
 -0.004045729713730614    4    4    4    2
 0.5571563852977431    4    4    4    4
 0.5173848706881191    4    4    5    5
 0.5173848706881192    4    4    6    6
 -0.004851884521160691    4    4    7    1
 -2.097324050542859e-14    4    4    7    2
 0.002635750396472097    4    4    7    3
 0.5690255115454637    4    4    7    7
 0.546479313568402    4    4    8    8
 0.5464793135684023    4    4    9    9
 -7.156720962381291e-14    4    4   10    1
 0.01720324660376948    4    4   10    2
 0.02388536018428747    4    4   10    4
 0.5718687914450581    4    4   10   10
 0.009835622652330284    5    1    5    1
 3.147018778383581e-15    5    1    5    2
 0.0178195569263798    5    1    5    3
 -4.535651368375859e-14    5    1    5    4
 -0.004915807404869634    5    1    7    5
 -3.108897721779223e-14    5    1    8    1
 0.003770969388943738    5    1    8    2
 -1.457124351733619e-14    5    1    8    3
 0.004849528856057233    5    1    8    4
 9.550520096990311e-15    5    1    8    7
 9.57222921261526e-14    5    1    9    1
 -0.01161376093393524    5    1    9    2
 4.484368605617295e-14    5    1    9    3
 -0.01493548819080838    5    1    9    4
 -2.939705770477197e-14    5    1    9    7
 3.853688201882477e-14    5    1   10    5
 -0.003778195765394845    5    1   10    8
 0.01163601659285621    5    1   10    9
 3.146835819266974e-15    5    2    5    1
 0.009099554648101775    5    2    5    2
 7.588049112661199e-14    5    2    5    3
 0.01066661421839333    5    2    5    4
 -2.092184932245278e-14    5    2    7    5
 0.003533393223462098    5    2    8    1
 3.106087944086591e-14    5    2    8    2
 0.003416087701735318    5    2    8    3
 2.064109516988766e-14    5    2    8    4
 -0.002241136428318896    5    2    8    7
 -0.01088207830675867    5    2    9    1
 -9.568750956520655e-14    5    2    9    2
 -0.01052080295682882    5    2    9    3
 -6.35982152358272e-14    5    2    9    4
 0.006902210019296837    5    2    9    7
 -0.0090438574487899    5    2   10    5
 -1.606549095145571e-14    5    2   10    8
 4.950900800437807e-14    5    2   10    9
 0.0178195569263798    5    3    5    1
 7.588244269052247e-14    5    3    5    2
 0.112163938936393    5    3    5    3
 -0.01576965837079731    5    3    7    5
 -2.643060602195227e-14    5    3    8    1
 0.006199176139251053    5    3    8    2
 0.02286823936592115    5    3    8    4
 8.136515820909157e-14    5    3    9    1
 -0.01909210662905529    5    3    9    2
 -0.07042917552035778    5    3    9    4
 -0.02076373836271937    5    3   10    8
 0.06394777272560893    5    3   10    9
 1.105689847029674e-15    5    4    2    1
 -4.535229884781306e-14    5    4    5    1
 0.01066661421839333    5    4    5    2
 0.04775478208016744    5    4    5    4
 0.004052063456696624    5    4    8    1
 1.724649331970285e-14    5    4    8    2
 0.01217901503382747    5    4    8    3
 -0.01241384859829747    5    4    8    7
 -0.01247946918189952    5    4    9    1
 -5.314573379901905e-14    5    4    9    2
 -0.03750870251781448    5    4    9    3
 0.03823193853373514    5    4    9    7
 -0.02460088866337983    5    4   10    5
 0.70594891675213    5    5    1    1
 0.7059742420111382    5    5    2    2
 -0.0006194321395079565    5    5    3    1
 -2.314121116953061e-15    5    5    3    2
 0.641644071467961    5    5    3    3
 3.562265499940098e-14    5    5    4    1
 -0.008379623058543579    5    5    4    2
 0.5173848706881192    5    5    4    4
 0.6052814451643957    5    5    5    5
 0.5544949825450376    5    5    6    6
 0.009912057696735888    5    5    7    1
 4.184456600664355e-14    5    5    7    2
 0.04783917984497964    5    5    7    3
 0.5258176181590237    5    5    7    7
 0.5580642576355132    5    5    8    8
 -0.01374914581491977    5    5    9    8
 0.5959442941354702    5    5    9    9
 3.440867382686896e-14    5    5   10    1
 -0.007691461985616708    5    5   10    2
 -0.03938157478963528    5    5   10    4
 0.6365225652246613    5    5   10   10
 1.096728386672639e-15    6    1    1    1
 1.089920228624026e-15    6    1    2    2
 0.009835622652330287    6    1    6    1
 3.155109637095754e-15    6    1    6    2
 0.01781955692637981    6    1    6    3
 -4.534176853421279e-14    6    1    6    4
 -0.004915807404869636    6    1    7    6
 9.572234294812944e-14    6    1    8    1
 -0.01161376093393524    6    1    8    2
 4.484411973704194e-14    6    1    8    3
 -0.01493548819080838    6    1    8    4
 -2.939228721521303e-14    6    1    8    7
 3.108547134842354e-14    6    1    9    1
 -0.00377096938894373    6    1    9    2
 1.456148569778382e-14    6    1    9    3
 -0.004849528856057218    6    1    9    4
 -9.549219054383329e-15    6    1    9    7
 3.852473895449293e-14    6    1   10    6
 0.0116360165928562    6    1   10    8
 0.003778195765394837    6    1   10    9
 3.156568227830926e-15    6    2    6    1
 0.00909955464810178    6    2    6    2
 7.589436891441981e-14    6    2    6    3
 0.01066661421839333    6    2    6    4
 -2.092846295570494e-14    6    2    7    6
 -0.01088207830675866    6    2    8    1
 -9.569007776910263e-14    6    2    8    2
 -0.01052080295682881    6    2    8    3
 -6.360439518821037e-14    6    2    8    4
 0.006902210019296837    6    2    8    7
 -0.00353339322346209    6    2    9    1
 -3.106385083244487e-14    6    2    9    2
 -0.00341608770173531    6    2    9    3
 -2.064591986955522e-14    6    2    9    4
 0.00224113642831889    6    2    9    7
 -0.009043857448789898    6    2   10    6
 4.951811530262695e-14    6    2   10    8
 1.607091196231814e-14    6    2   10    9
 1.384471188716531e-15    6    3    3    3
 0.0178195569263798    6    3    6    1
 7.589415207398531e-14    6    3    6    2
 0.112163938936393    6    3    6    3
 -0.01576965837079731    6    3    7    6
 8.136725885080076e-14    6    3    8    1
 -0.01909210662905529    6    3    8    2
 -0.07042917552035777    6    3    8    4
 2.641954038352934e-14    6    3    9    1
 -0.006199176139251038    6    3    9    2
 -0.02286823936592107    6    3    9    4
 0.06394777272560891    6    3   10    8
 0.02076373836271934    6    3   10    9
 -3.463079674033812e-15    6    4    2    1
 -1.159156593521092e-15    6    4    4    3
 -4.534205313728307e-14    6    4    6    1
 0.01066661421839333    6    4    6    2
 0.04775478208016746    6    4    6    4
 2.487925259480498e-15    6    4    7    4
 -0.01247946918189951    6    4    8    1
 -5.315152242218058e-14    6    4    8    2
 -0.03750870251781447    6    4    8    3
 2.462376556219921e-15    6    4    8    6
 0.03823193853373513    6    4    8    7
 -0.004052063456696615    6    4    9    1
 -1.725068528575882e-14    6    4    9    2
 -0.01217901503382744    6    4    9    3
 1.96374239174605e-15    6    4    9    5
 0.01241384859829744    6    4    9    7
 -0.02460088866337984    6    4   10    6
 1.849524056193238e-15    6    4   10    7
 0.02539323130967927    6    5    6    5
 -0.01374914581491989    6    5    8    8
 0.0189400182499784    6    5    9    8
 0.01374914581491934    6    5    9    9
 0.7059489167521305    6    6    1    1
 0.7059742420111385    6    6    2    2
 -0.0006194321395079725    6    6    3    1
 -2.327131543022887e-15    6    6    3    2
 0.6416440714679612    6    6    3    3
 3.557885323163257e-14    6    6    4    1
 -0.008379623058543589    6    6    4    2
 0.5173848706881193    6    6    4    4
 0.5544949825450375    6    6    5    5
 0.6052814451643962    6    6    6    6
 0.009912057696735914    6    6    7    1
 4.187275526312817e-14    6    6    7    2
 0.04783917984497967    6    6    7    3
 0.5258176181590237    6    6    7    7
 1.305525876228424e-15    6    6    8    4
 0.59594429413547    6    6    8    8
 0.01374914581491928    6    6    9    8
 0.5580642576355137    6    6    9    9
 3.447340069656635e-14    6    6   10    1
 -0.007691461985616689    6    6   10    2
 -0.03938157478963512    6    6   10    4
 0.6365225652246611    6    6   10   10
 0.08218606369915842    7    1    1    1
 -2.716127459935231e-13    7    1    2    1
 0.0822633689888196    7    1    2    2
 -0.005617433239627698    7    1    3    1
 3.146517334878807e-15    7    1    3    2
 0.02855399749519877    7    1    3    3
 1.257444669222618e-13    7    1    4    1
 -0.0151099103683929    7    1    4    2
 4.537602932286333e-15    7    1    4    3
 -0.004851884521160694    7    1    4    4
 0.009912057696735897    7    1    5    5
 0.009912057696735898    7    1    6    6
 0.01444967059884491    7    1    7    1
 5.375799631834877e-15    7    1    7    2
 0.01248315733640796    7    1    7    3
 -6.795085327748751e-14    7    1    7    4
 -0.002726901215878656    7    1    7    7
 6.378795061601217e-15    7    1    8    5
 -1.965859116118129e-14    7    1    8    6
 0.005371244937635028    7    1    8    8
 -1.966092219585214e-14    7    1    9    5
 -6.384866593767136e-15    7    1    9    6
 0.005371244937635032    7    1    9    9
 5.735291934297684e-14    7    1   10    1
 -0.007427629375782668    7    1   10    2
 4.056076221420346e-14    7    1   10    3
 -0.01147516198596089    7    1   10    4
 -1.733910324347443e-14    7    1   10    7
 0.02290621152530536    7    1   10   10
 -1.918845789048882e-13    7    2    1    1
 0.06355263968951476    7    2    2    1
 8.895216513241447e-13    7    2    2    2
 3.094883900480079e-15    7    2    3    1
 -0.006331272525717274    7    2    3    2
 1.21134656125288e-13    7    2    3    3
 -0.01445344467939963    7    2    4    1
 -1.256843750168518e-13    7    2    4    2
 -0.001093190085585803    7    2    4    3
 -2.099188878279534e-14    7    2    4    4
 4.186971949704521e-14    7    2    5    5
 4.186559952878977e-14    7    2    6    6
 5.374749310980281e-15    7    2    7    1
 0.01316699140649894    7    2    7    2
 5.303093034147999e-14    7    2    7    3
 0.01604497071135612    7    2    7    4
 -1.180479325402217e-14    7    2    7    7
 -0.001517498993848442    7    2    8    5
 0.004673564994644408    7    2    8    6
 2.258712964928189e-14    7    2    8    8
 0.004673564994644408    7    2    9    5
 0.001517498993848439    7    2    9    6
 2.258002812505211e-14    7    2    9    9
 -0.006046659533617731    7    2   10    1
 -5.730215157625021e-14    7    2   10    2
 -0.009495060888516029    7    2   10    3
 -4.879744611857584e-14    7    2   10    4
 0.004128086620512898    7    2   10    7
 9.696236868972363e-14    7    2   10   10
 0.07609914112551949    7    3    1    1
 0.07606446923502032    7    3    2    2
 0.00769978614075083    7    3    3    1
 3.275244658818011e-14    7    3    3    2
 0.108378929812503    7    3    3    3
 2.367838930028392e-14    7    3    4    1
 -0.005583672017691207    7    3    4    2
 0.002635750396472145    7    3    4    4
 0.04783917984497967    7    3    5    5
 0.04783917984497968    7    3    6    6
 0.01248315733640797    7    3    7    1
 5.302361197681571e-14    7    3    7    2
 0.04583417842343186    7    3    7    3
 0.01917828326610914    7    3    7    7
 1.048796963843322e-15    7    3    8    4
 0.03027113832548512    7    3    8    8
 0.03027113832548513    7    3    9    9
 6.920225297749744e-14    7    3   10    1
 -0.0162091485980213    7    3   10    2
 -0.02239679524805364    7    3   10    4
 0.08496742920879544    7    3   10   10
 2.14964783712239e-12    7    4    1    1
 -0.2526387668110942    7    4    2    1
 -2.147727003567242e-12    7    4    2    2
 -6.807060340743853e-14    7    4    3    1
 0.01604375956115164    7    4    3    2
 -0.003434409716119166    7    4    4    1
 -1.478157873879837e-14    7    4    4    2
 -0.08323555856073672    7    4    4    3
 2.487925259480498e-15    7    4    6    4
 -6.795800901182592e-14    7    4    7    1
 0.01604497071135611    7    4    7    2
 0.234339804520537    7    4    7    4
 2.05391259555654e-15    7    4    7    7
 1.127311930916816e-15    7    4    8    4
 -0.04878752750226283    7    4    8    5
 0.1502549139301763    7    4    8    6
 -2.827801702846988e-15    7    4    8    7
 1.15706055847653e-15    7    4    8    8
 0.1502549139301763    7    4    9    5
 0.04878752750226269    7    4    9    6
 -0.02742477747564039    7    4   10    1
 -1.16677934675069e-13    7    4   10    2
 0.06661881413894778    7    4   10    3
 1.574955095935993e-15    7    4   10    6
 0.1206947373771611    7    4   10    7
 -0.004915807404869636    7    5    5    1
 -2.09227979993537e-14    7    5    5    2
 -0.01576965837079731    7    5    5    3
 0.02839570584507476    7    5    7    5
 8.564306083974974e-15    7    5    8    1
 -0.002010784373081187    7    5    8    2
 -0.0122410656530733    7    5    8    4
 -2.636248424420229e-14    7    5    9    1
 0.006192776071618801    7    5    9    2
 0.03769980485341996    7    5    9    4
 0.0009724024314715478    7    5   10    8
 -0.002994786805694867    7    5   10    9
 1.186134837994811e-15    7    6    2    1
 -1.778810409237895e-15    7    6    3    3
 -0.004915807404869636    7    6    6    1
 -2.092846295570494e-14    7    6    6    2
 -0.01576965837079732    7    6    6    3
 0.02839570584507477    7    6    7    6
 -2.635977373877108e-14    7    6    8    1
 0.006192776071618799    7    6    8    2
 0.03769980485341995    7    6    8    4
 -1.305866403990608e-15    7    6    8    8
 -8.563049087081248e-15    7    6    9    1
 0.002010784373081183    7    6    9    2
 0.01224106565307328    7    6    9    4
 -0.002994786805694869    7    6   10    8
 -0.0009724024314715495    7    6   10    9
 -1.077800761170839e-15    7    6   10   10
 0.6979438521604503    7    7    1    1
 -2.410804845684456e-15    7    7    2    1
 0.6979334159350955    7    7    2    2
 -0.009754981317672055    7    7    3    1
 -4.110600748674642e-14    7    7    3    2
 0.5533138495848759    7    7    3    3
 1.466036493591449e-14    7    7    4    1
 -0.003419089521309816    7    7    4    2
 0.5690255115454637    7    7    4    4
 0.5258176181590236    7    7    5    5
 0.5258176181590238    7    7    6    6
 -0.002726901215878649    7    7    7    1
 -1.178571129578643e-14    7    7    7    2
 0.01917828326610914    7    7    7    3
 2.05391259555654e-15    7    7    7    4
 0.5946015571717    7    7    7    7
 0.5522030600750421    7    7    8    8
 0.5522030600750424    7    7    9    9
 -5.30825383648903e-14    7    7   10    1
 0.01282180358260788    7    7   10    2
 0.03197563610638546    7    7   10    4
 1.720845688168993e-15    7    7   10    7
 0.6045212133887753    7    7   10   10
 -3.108831568506042e-14    8    1    5    1
 0.0035333932234621    8    1    5    2
 -2.643013845976538e-14    8    1    5    3
 0.004052063456696626    8    1    5    4
 9.5719764579838e-14    8    1    6    1
 -0.01088207830675866    8    1    6    2
 8.136893936416811e-14    8    1    6    3
 -0.01247946918189951    8    1    6    4
 8.565088742418236e-15    8    1    7    5
 -2.636096636116081e-14    8    1    7    6
 0.01441565491567766    8    1    8    1
 -3.574248644451494e-15    8    1    8    2
 0.01331617841465301    8    1    8    3
 -8.055210144741753e-14    8    1    8    4
 -0.009191121286025439    8    1    8    7
 -0.003286260664556924    8    1   10    5
 0.01012096407800584    8    1   10    6
 5.904380716986735e-14    8    1   10    8
 0.003770969388943738    8    2    5    1
 3.106212796743016e-14    8    2    5    2
 0.006199176139251052    8    2    5    3
 1.724716289924766e-14    8    2    5    4
 -0.01161376093393524    8    2    6    1
 -9.568970507460584e-14    8    2    6    2
 -0.01909210662905529    8    2    6    3
 -5.31497588995844e-14    8    2    6    4
 -0.00201078437308119    8    2    7    5
 0.006192776071618803    8    2    7    6
 -3.574418051040945e-15    8    2    8    1
 0.01523576007660601    8    2    8    2
 5.657150095594865e-14    8    2    8    3
 0.01891071954278038    8    2    8    4
 -3.903821710338207e-14    8    2    8    7
 -1.397081235421371e-14    8    2   10    5
 4.305453563113737e-14    8    2   10    6
 -0.01383693578741124    8    2   10    8
 -1.457013051604349e-14    8    3    5    1
 0.003416087701735319    8    3    5    2
 0.01217901503382746    8    3    5    4
 4.484340145310267e-14    8    3    6    1
 -0.01052080295682882    8    3    6    2
 -0.03750870251781447    8    3    6    4
 0.01331617841465301    8    3    8    1
 5.657578355452997e-14    8    3    8    2
 0.04133947721816996    8    3    8    3
 -0.02533642719124471    8    3    8    7
 -0.01075045295622157    8    3   10    5
 0.03310904377297175    8    3   10    6
 -1.622124681128092e-15    8    4    2    1
 0.004849528856057231    8    4    5    1
 2.06425317377662e-14    8    4    5    2
 0.02286823936592114    8    4    5    3
 -0.01493548819080838    8    4    6    1
 -6.360626543695791e-14    8    4    6    2
 -0.07042917552035777    8    4    6    3
 1.305525876228425e-15    8    4    6    6
 1.048796963843322e-15    8    4    7    3
 1.127311930916817e-15    8    4    7    4
 -0.01224106565307331    8    4    7    5
 0.03769980485341994    8    4    7    6
 -8.054657201633786e-14    8    4    8    1
 0.01891071954278038    8    4    8    2
 0.08266833053075484    8    4    8    4
 -0.03875534717084409    8    4   10    8
 -6.902289070159773e-13    8    5    1    1
 0.08109090420295864    8    5    2    1
 6.89148635076367e-13    8    5    2    2
 1.343039178133831e-14    8    5    3    1
 -0.003174609247485508    8    5    3    2
 -0.0006057303871413294    8    5    4    1
 -2.524700283904058e-15    8    5    4    2
 0.02575773657645927    8    5    4    3
 6.378998349508558e-15    8    5    7    1
 -0.001517498993848442    8    5    7    2
 -0.04878752750226283    8    5    7    4
 0.03394425021720565    8    5    8    5
 -0.04694027930887318    8    5    8    6
 -0.04694027930887304    8    5    9    5
 0.003461384694288314    8    5    9    6
 0.003252224153897197    8    5   10    1
 1.38388107397136e-14    8    5   10    2
 -0.03168634471616449    8    5   10    3
 -0.02504602038988522    8    5   10    7
 2.124358794344111e-12    8    6    1    1
 -0.2497422487944403    8    6    2    1
 -2.123869493903668e-12    8    6    2    2
 -4.135195197331118e-14    8    6    3    1
 0.009777102133752366    8    6    3    2
 0.001865517107432643    8    6    4    1
 7.78771578474613e-15    8    6    4    2
 -0.07932819493983449    8    6    4    3
 2.462376556219921e-15    8    6    6    4
 -1.965555539509833e-14    8    6    7    1
 0.004673564994644409    8    6    7    2
 0.1502549139301763    8    6    7    4
 -0.04694027930887316    8    6    8    5
 0.1632686109792255    8    6    8    6
 -1.992396295343929e-15    8    6    8    7
 0.1258629760677318    8    6    9    5
 0.04694027930887291    8    6    9    6
 -0.0100161390696177    8    6   10    1
 -4.261565059171524e-14    8    6   10    2
 0.09758701130874831    8    6   10    3
 0.0771362647512954    8    6   10    7
 3.73606305069909e-15    8    7    2    1
 1.18232322698607e-15    8    7    4    3
 9.549330862732366e-15    8    7    5    1
 -0.002241136428318896    8    7    5    2
 -0.01241384859829746    8    7    5    4
 -2.939404904374332e-14    8    7    6    1
 0.006902210019296837    8    7    6    2
 0.03823193853373513    8    7    6    4
 -2.827801702846989e-15    8    7    7    4
 -0.009191121286025438    8    7    8    1
 -3.904484428916138e-14    8    7    8    2
 -0.02533642719124471    8    7    8    3
 -1.992396295343928e-15    8    7    8    6
 0.04094457462161548    8    7    8    7
 -1.958949220624206e-15    8    7    9    5
 -1.409926989346439e-15    8    7   10    3
 0.002367628368682854    8    7   10    5
 -0.007291777529381584    8    7   10    6
 -1.141756210118902e-15    8    7   10    7
 0.7469802443260855    8    8    1    1
 -2.243458240361318e-15    8    8    2    1
 0.7470351573692492    8    8    2    2
 -0.006383115412674778    8    8    3    1
 -2.676071170215621e-14    8    8    3    2
 0.6151569364816367    8    8    3    3
 3.378916070551075e-14    8    8    4    1
 -0.007947483424540372    8    8    4    2
 0.5464793135684021    8    8    4    4
 0.5580642576355133    8    8    5    5
 -0.01374914581491993    8    8    6    5
 0.5959442941354701    8    8    6    6
 0.005371244937635032    8    8    7    1
 2.257395659288619e-14    8    8    7    2
 0.03027113832548509    8    8    7    3
 1.262878690511116e-15    8    8    7    4
 -1.305866403990608e-15    8    8    7    6
 0.5522030600750421    8    8    7    7
 0.6192048422385635    8    8    8    8
 0.5677585881085565    8    8    9    9
 0.0006276857550469668    8    8   10    2
 -0.02467514129178241    8    8   10    4
 1.068589661201713e-15    8    8   10    7
 0.6375408053777312    8    8   10   10
 9.57223226193387e-14    9    1    5    1
 -0.01088207830675866    9    1    5    2
 8.136525307678166e-14    9    1    5    3
 -0.01247946918189952    9    1    5    4
 3.108587961830412e-14    9    1    6    1
 -0.003533393223462091    9    1    6    2
 2.641864591673704e-14    9    1    6    3
 -0.004052063456696614    9    1    6    4
 -2.636172530268155e-14    9    1    7    5
 -8.562811917856017e-15    9    1    7    6
 0.01441565491567766    9    1    9    1
 -3.556962396063928e-15    9    1    9    2
 0.01331617841465302    9    1    9    3
 -8.052293640897767e-14    9    1    9    4
 -0.009191121286025441    9    1    9    7
 0.01012096407800584    9    1   10    5
 0.003286260664556911    9    1   10    6
 5.901529265273098e-14    9    1   10    9
 -0.01161376093393524    9    2    5    1
 -9.568628983776251e-14    9    2    5    2
 -0.01909210662905529    9    2    5    3
 -5.314845785697742e-14    9    2    5    4
 -0.003770969388943729    9    2    6    1
 -3.106489945923357e-14    9    2    6    2
 -0.006199176139251037    9    2    6    3
 -1.725301759097908e-14    9    2    6    4
 0.006192776071618803    9    2    7    5
 0.002010784373081183    9    2    7    6
 -3.553106702088027e-15    9    2    9    1
 0.01523576007660602    9    2    9    2
 5.659882285069529e-14    9    2    9    3
 0.01891071954278039    9    2    9    4
 -3.905382961466586e-14    9    2    9    7
 4.30597398015653e-14    9    2   10    5
 1.39792691311591e-14    9    2   10    6
 -0.01383693578741123    9    2   10    9
 4.484208685796853e-14    9    3    5    1
 -0.01052080295682882    9    3    5    2
 -0.03750870251781448    9    3    5    4
 1.456068101648392e-14    9    3    6    1
 -0.00341608770173531    9    3    6    2
 -0.01217901503382744    9    3    6    4
 0.01331617841465302    9    3    9    1
 5.659767088588702e-14    9    3    9    2
 0.04133947721817    9    3    9    3
 -0.02533642719124472    9    3    9    7
 0.03310904377297176    9    3   10    5
 0.01075045295622156    9    3   10    6
 -0.01493548819080838    9    4    5    1
 -6.360041074522649e-14    9    4    5    2
 -0.07042917552035778    9    4    5    3
 -0.004849528856057218    9    4    6    1
 -2.064529645330604e-14    9    4    6    2
 -0.02286823936592108    9    4    6    3
 0.03769980485341995    9    4    7    5
 0.01224106565307328    9    4    7    6
 -8.052776110864523e-14    9    4    9    1
 0.01891071954278039    9    4    9    2
 0.08266833053075492    9    4    9    4
 -0.03875534717084411    9    4   10    9
 2.124442074623485e-12    9    5    1    1
 -0.2497422487944403    9    5    2    1
 -2.123828185800897e-12    9    5    2    2
 -4.136507081959825e-14    9    5    3    1
 0.009777102133752356    9    5    3    2
 0.001865517107432639    9    5    4    1
 7.780668470624974e-15    9    5    4    2
 -0.07932819493983452    9    5    4    3
 1.963742391746049e-15    9    5    6    4
 -1.966184376769875e-14    9    5    7    1
 0.00467356499464441    9    5    7    2
 0.1502549139301763    9    5    7    4
 -0.04694027930887304    9    5    8    5
 0.1258629760677318    9    5    8    6
 -1.958949220624206e-15    9    5    8    7
 0.1632686109792255    9    5    9    5
 0.04694027930887303    9    5    9    6
 -0.0100161390696177    9    5   10    1
 -4.260632645303186e-14    9    5   10    2
 0.09758701130874831    9    5   10    3
 0.07713626475129536    9    5   10    7
 6.89929687545162e-13    9    6    1    1
 -0.08109090420295843    9    6    2    1
 -6.894534652934249e-13    9    6    2    2
 -1.343121848549483e-14    9    6    3    1
 0.003174609247485497    9    6    3    2
 0.0006057303871413194    9    6    4    1
 2.528142625801699e-15    9    6    4    2
 -0.02575773657645921    9    6    4    3
 -6.385937243412465e-15    9    6    7    1
 0.001517498993848438    9    6    7    2
 0.04878752750226272    9    6    7    4
 0.003461384694288291    9    6    8    5
 0.04694027930887291    9    6    8    6
 0.04694027930887303    9    6    9    5
 0.03394425021720557    9    6    9    6
 -0.003252224153897179    9    6   10    1
 -1.382590873386103e-14    9    6   10    2
 0.03168634471616443    9    6   10    3
 0.02504602038988515    9    6   10    7
 -2.93963394208327e-14    9    7    5    1
 0.006902210019296839    9    7    5    2
 0.03823193853373513    9    7    5    4
 -9.548368633304286e-15    9    7    6    1
 0.00224113642831889    9    7    6    2
 0.01241384859829743    9    7    6    4
 -0.009191121286025441    9    7    9    1
 -3.905553723308752e-14    9    7    9    2
 -0.02533642719124472    9    7    9    3
 0.04094457462161549    9    7    9    7
 -0.007291777529381576    9    7   10    5
 -0.002367628368682842    9    7   10    6
 -0.01374914581491979    9    8    5    5
 0.01894001824997839    9    8    6    5
 0.01374914581491926    9    8    6    6
 0.02572312706500372    9    8    9    8
 0.7469802443260859    9    9    1    1
 -1.908466874117609e-15    9    9    2    1
 0.7470351573692497    9    9    2    2
 -0.0063831154126748    9    9    3    1
 -2.677112004301208e-14    9    9    3    2
 0.6151569364816372    9    9    3    3
 3.379360593441794e-14    9    9    4    1
 -0.007947483424540366    9    9    4    2
 0.5464793135684023    9    9    4    4
 0.5959442941354702    9    9    5    5
 0.01374914581491934    9    9    6    5
 0.5580642576355137    9    9    6    6
 0.005371244937635031    9    9    7    1
 2.258349757200406e-14    9    9    7    2
 0.03027113832548504    9    9    7    3
 0.5522030600750424    9    9    7    7
 0.5677585881085565    9    9    8    8
 0.6192048422385644    9    9    9    9
 0.0006276857550469599    9    9   10    2
 -0.02467514129178238    9    9   10    4
 0.6375408053777316    9    9   10   10
 -1.860936277580001e-12   10    1    1    1
 0.1530581207596916   10    1    2    1
 7.425017631984554e-13   10    1    2    2
 2.594931631090492e-13   10    1    3    1
 -0.03014055093681492   10    1    3    2
 1.066261879137387e-13   10    1    3    3
 -0.01379396298104183   10    1    4    1
 -3.055498562498649e-15   10    1    4    2
 0.00786317676316874   10    1    4    3
 -7.153045517016565e-14   10    1    4    4
 3.445681240332732e-14   10    1    5    5
 3.446418497810022e-14   10    1    6    6
 5.734733570178854e-14   10    1    7    1
 -0.006046659533617715   10    1    7    2
 6.919898681845282e-14   10    1    7    3
 -0.02742477747564039   10    1    7    4
 -5.309294670574616e-14   10    1    7    7
 0.003252224153897189   10    1    8    5
 -0.0100161390696177   10    1    8    6
 -0.0100161390696177   10    1    9    5
 -0.00325222415389718   10    1    9    6
 0.03841740908297551   10    1   10    1
 -5.931199135349521e-15   10    1   10    2
 0.004035278418955581   10    1   10    3
 -5.818232722866468e-14   10    1   10    4
 -0.01081705916179817   10    1   10    7
 5.208333764272766e-14   10    1   10   10
 0.1320880557978775   10    2    1    1
 6.50976837810336e-13   10    2    2    1
 0.1320725662751977   10    2    2    2
 -0.03087788503761283   10    2    3    1
 -2.594821601510644e-13   10    2    3    2
 -0.02459687995971654   10    2    3    3
 -2.963951241559404e-15   10    2    4    1
 -0.01309279091371233   10    2    4    2
 3.344590229770183e-14   10    2    4    3
 0.01720324660376943   10    2    4    4
 -0.007691461985616706   10    2    5    5
 -0.007691461985616708   10    2    6    6
 -0.007427629375782666   10    2    7    1
 -5.730340179688036e-14   10    2    7    2
 -0.0162091485980213   10    2    7    3
 -1.166541906474916e-13   10    2    7    4
 0.01282180358260788   10    2    7    7
 1.384332373125657e-14   10    2    8    5
 -4.263101915751022e-14   10    2    8    6
 0.0006276857550469617   10    2    8    8
 -4.262733287012377e-14   10    2    9    5
 -1.383707601623763e-14   10    2    9    6
 0.0006276857550469619   10    2    9    9
 -5.963837008873124e-15   10    2   10    1
 0.03981329299778934   10    2   10    2
 1.708919464271652e-14   10    2   10    3
 0.01368726140121225   10    2   10    4
 -4.59840499011932e-14   10    2   10    7
 -0.01187576876251162   10    2   10   10
 1.981675260898704e-12   10    3    1    1
 -0.2329610803069636   10    3    2    1
 -1.981132597382584e-12   10    3    2    2
 -2.871308707019359e-14   10    3    3    1
 0.006825480736336815   10    3    3    2
 0.01150979081458865   10    3    4    1
 4.895980539390554e-14   10    3    4    2
 -0.05422440887797735   10    3    4    3
 4.052761273277972e-14   10    3    7    1
 -0.009495060888516045   10    3    7    2
 0.06661881413894782   10    3    7    4
 -0.03168634471616449   10    3    8    5
 0.09758701130874832   10    3    8    6
 -1.409926989346439e-15   10    3    8    7
 0.09758701130874833   10    3    9    5
 0.03168634471616441   10    3    9    6
 0.004035278418955574   10    3   10    1
 1.701481837368402e-14   10    3   10    2
 0.1058444173353326   10    3   10    3
 0.05484808688574994   10    3   10    7
 -0.03963569104713491   10    4    1    1
 -0.03966819964615621   10    4    2    2
 -0.003681834470192799   10    4    3    1
 -1.577503318944684e-14   10    4    3    2
 -0.06799822114951878   10    4    3    3
 -3.052119917478641e-14   10    4    4    1
 0.007195567455307078   10    4    4    2
 0.02388536018428737   10    4    4    4
 -0.03938157478963525   10    4    5    5
 -0.03938157478963526   10    4    6    6
 -0.01147516198596091   10    4    7    1
 -4.880232502835202e-14   10    4    7    2
 -0.02239679524805364   10    4    7    3
 0.0319756361063854   10    4    7    7
 -0.02467514129178243   10    4    8    8
 -0.02467514129178245   10    4    9    9
 -5.826892787719196e-14   10    4   10    1
 0.01368726140121222   10    4   10    2
 0.04567001461400584   10    4   10    4
 -0.03607971380440542   10    4   10   10
 3.853004138074274e-14   10    5    5    1
 -0.009043857448789903   10    5    5    2
 -0.02460088866337981   10    5    5    4
 -0.003286260664556919   10    5    8    1
 -1.397329246668327e-14   10    5    8    2
 -0.01075045295622158   10    5    8    3
 0.002367628368682861   10    5    8    7
 0.01012096407800584   10    5    9    1
 4.305551141309261e-14   10    5    9    2
 0.03310904377297175   10    5    9    3
 -0.007291777529381599   10    5    9    7
 0.03674510113210552   10    5   10    5
 -1.810213076309656e-15   10    6    2    1
 3.851995491240684e-14   10    6    6    1
 -0.009043857448789905   10    6    6    2
 -0.02460088866337982   10    6    6    4
 1.574955095935993e-15   10    6    7    4
 0.01012096407800584   10    6    8    1
 4.305895375499025e-14   10    6    8    2
 0.03310904377297175   10    6    8    3
 -0.0072917775293816   10    6    8    7
 0.003286260664556912   10    6    9    1
 1.39759690907966e-14   10    6    9    2
 0.01075045295622155   10    6    9    3
 -0.002367628368682855   10    6    9    7
 0.03674510113210553   10    6   10    6
 1.541162549412601e-12   10    7    1    1
 -0.1811075425547184   10    7    2    1
 -1.539521589095753e-12   10    7    2    2
 -3.478727383736911e-14   10    7    3    1
 0.008212337514875476   10    7    3    2
 0.001393246197536772   10    7    4    1
 5.795385872586767e-15   10    7    4    2
 -0.04225761273846953   10    7    4    3
 1.849524056193238e-15   10    7    6    4
 -1.731731077980747e-14   10    7    7    1
 0.004128086620512924   10    7    7    2
 0.1206947373771612   10    7    7    4
 1.741662369880714e-15   10    7    7    7
 -0.02504602038988528   10    7    8    5
 0.07713626475129545   10    7    8    6
 -1.141756210118905e-15   10    7    8    7
 0.07713626475129547   10    7    9    5
 0.02504602038988522   10    7    9    6
 -0.01081705916179814   10    7   10    1
 -4.58310689746555e-14   10    7   10    2
 0.05484808688574987   10    7   10    3
 0.08288887490705835   10    7   10    7
 1.290634266126744e-15   10    7   10   10
 -0.003778195765394846   10    8    5    1
 -1.606955670960253e-14   10    8    5    2
 -0.02076373836271937   10    8    5    3
 0.01163601659285621   10    8    6    1
 4.95162179488251e-14   10    8    6    2
 0.06394777272560895   10    8    6    3
 0.000972402431471554   10    8    7    5
 -0.002994786805694883   10    8    7    6
 5.903570275862802e-14   10    8    8    1
 -0.01383693578741124   10    8    8    2
 -0.03875534717084408   10    8    8    4
 0.05058600727070031   10    8   10    8
 0.01163601659285621   10    9    5    1
 4.951372428382839e-14   10    9    5    2
 0.06394777272560895   10    9    5    3
 0.003778195765394835   10    9    6    1
 1.60724027403053e-14   10    9    6    2
 0.02076373836271932   10    9    6    3
 -0.002994786805694885   10    9    7    5
 -0.0009724024314715551   10    9    7    6
 5.90180302632165e-14   10    9    9    1
 -0.01383693578741124   10    9    9    2
 -0.03875534717084412   10    9    9    4
 0.05058600727070034   10    9   10    9
 0.9275252742746595   10   10    1    1
 -1.927738567733539e-15   10   10    2    1
 0.9275637350689949   10   10    2    2
 -0.006129479614160722   10   10    3    1
 -2.552211914030877e-14   10   10    3    2
 0.7476826310629744   10   10    3    3
 9.419136477728518e-14   10   10    4    1
 -0.02210756958844652   10   10    4    2
 0.5718687914450585   10   10    4    4
 0.6365225652246611   10   10    5    5
 0.6365225652246612   10   10    6    6
 0.02290621152530539   10   10    7    1
 9.700486941488506e-14   10   10    7    2
 0.08496742920879539   10   10    7    3
 -1.077800761170838e-15   10   10    7    6
 0.6045212133887757   10   10    7    7
 0.6375408053777316   10   10    8    8
 0.6375408053777321   10   10    9    9
 5.231514006720506e-14   10   10   10    1
 -0.01187576876251168   10   10   10    2
 -0.03607971380440515   10   10   10    4
 1.679212324745549e-15   10   10   10    7
 0.7728277302215564   10   10   10   10
 -27.88573886264279    1    1  0  0
 2.84069642808582e-14    2    1  0  0
 -27.88503353868683    2    2  0  0
 0.4762870454461326    3    1  0  0
 2.020314471273821e-12    3    2  0  0
 -9.984874870037451    3    3  0  0
 -2.126399750723706e-12    4    1  0  0
 0.5003205184138559    4    2  0  0
 2.664535259100376e-15    4    3  0  0
 -7.795167800122547    4    4  0  0
 2.383648648800146e-15    5    1  0  0
 1.93859414789253e-15    5    2  0  0
 1.976505674454099e-15    5    3  0  0
 3.065133156009219e-15    5    4  0  0
 -8.321282050648334    5    5  0  0
 -3.783429468195799e-15    6    1  0  0
 -2.38554852367703e-15    6    2  0  0
 -8.555160221790119e-15    6    3  0  0
 -4.629472532102264e-15    6    4  0  0
 4.440892098500841e-15    6    5  0  0
 -8.321282050648335    6    6  0  0
 -0.2730519558915365    7    1  0  0
 -1.15741444206563e-12    7    2  0  0
 -0.7552362350402528    7    3  0  0
 -8.659739592076221e-15    7    4  0  0
 -5.134654642605293e-15    7    5  0  0
 1.356917818499356e-14    7    6  0  0
 -7.934687425094971    7    7  0  0
 -7.471869888325387e-15    8    1  0  0
 -3.219878185811345e-15    8    3  0  0
 -3.709209413706959e-15    8    4  0  0
 5.218048215738245e-15    8    5  0  0
 1.203168203424058e-15    8    7  0  0
 -8.00254899203957    8    8  0  0
 2.269130693604798e-15    9    1  0  0
 2.909822833069307e-15    9    2  0  0
 3.330669073875469e-15    9    8  0  0
 -8.002548992039575    9    9  0  0
 9.247845544901878e-13   10    1  0  0
 -0.2232196297075361   10    2  0  0
 -3.33066907387547e-15   10    3  0  0
 0.3546756877246877   10    4  0  0
 -2.337300485700396e-15   10    5  0  0
 1.31330220882176e-15   10    6  0  0
 -4.662936703425657e-15   10    7  0  0
 3.040204197994223e-15   10    8  0  0
 -3.170918706289006e-15   10    9  0  0
 -8.332744177463162   10   10  0  0
 25.92968333508  0  0  0  0
