  0.703007438549   0.703656165256  -0.169830242369   0.184513102108  -0.018918621752  -0.000000000000   0.000000000000  -0.101850748190  -0.000000000000   0.000000000000
  0.018666750011   0.013167232156   0.603803027647  -0.762216962048   0.133766842005   0.000000000000  -0.000000000000   0.545411568839   0.000000000000  -0.000000000000
  0.000000000000  -0.000000000000   0.000000000000  -0.000000000000   0.000000000000   1.005505197891   0.000000000953  -0.000000000000  -0.060812869422  -0.000000001909
  0.000000000000  -0.000000000000   0.000000000000  -0.000000000000  -0.000000000000  -0.000000000953   1.005505197891   0.000000000000   0.000000001909  -0.060812869422
  0.004658910571  -0.000161138951   0.143442887306   0.155732075077   1.070476053125  -0.000000000000   0.000000000000   0.188189582483   0.000000000000   0.000000000000
 -0.703007438074   0.703656165731  -0.169830242369  -0.184513102108   0.101850748190   0.000000000000   0.000000000000   0.018918621752   0.000000000000   0.000000000000
 -0.018666750002   0.013167232169   0.603803027647   0.762216962049  -0.545411568839  -0.000000000000  -0.000000000000  -0.133766842004  -0.000000000000  -0.000000000000
  0.000000000000  -0.000000000000  -0.000000000000   0.000000000000  -0.000000000000  -0.060812869422  -0.000000001909   0.000000000000   1.005505197891   0.000000000953
  0.000000000000  -0.000000000000  -0.000000000000   0.000000000000  -0.000000000000   0.000000001909  -0.060812869422   0.000000000000  -0.000000000953   1.005505197891
  0.004658910572   0.000161138948  -0.143442887306   0.155732075077   0.188189582483   0.000000000000  -0.000000000000   1.070476053125  -0.000000000000  -0.000000000000
